Hello
{'al': 24000, 'lm': False, 'm': 'encodec_24khz', 'nc': 8}
tensor([[[0],
         [0],
         [0],
         [0],
         [0],
         [0],
         [0],
         [0]]])
None
0
[0, 62]
[1, 913]
[2, 786]
[3, 673]
[4, 528]
[5, 1011]
[6, 1002]
[7, 948]
tensor([[[  63],
         [ 914],
         [ 787],
         [ 674],
         [ 529],
         [1012],
         [1003],
         [ 949]]])
None
0
[0, 62]
[1, 424]
[2, 786]
[3, 673]
[4, 622]
[5, 986]
[6, 1002]
[7, 975]
tensor([[[  63],
         [ 425],
         [ 787],
         [ 674],
         [ 623],
         [ 987],
         [1003],
         [ 976]]])
None
0
[0, 62]
[1, 424]
[2, 786]
[3, 673]
[4, 622]
[5, 986]
[6, 1002]
[7, 948]
tensor([[[  63],
         [ 425],
         [ 787],
         [ 674],
         [ 623],
         [ 987],
         [1003],
         [ 949]]])
None
0
[0, 62]
[1, 424]
[2, 786]
[3, 741]
[4, 622]
[5, 986]
[6, 1002]
[7, 948]
tensor([[[  63],
         [ 425],
         [ 787],
         [ 742],
         [ 623],
         [ 987],
         [1003],
         [ 949]]])
None
0
[0, 408]
[1, 544]
[2, 678]
[3, 741]
[4, 448]
[5, 881]
[6, 570]
[7, 518]
tensor([[[409],
         [545],
         [679],
         [742],
         [449],
         [882],
         [571],
         [519]]])
None
0
[0, 408]
[1, 544]
[2, 678]
[3, 741]
[4, 448]
[5, 939]
[6, 570]
[7, 975]
tensor([[[409],
         [545],
         [679],
         [742],
         [449],
         [940],
         [571],
         [976]]])
None
0
[0, 62]
[1, 424]
[2, 786]
[3, 673]
[4, 622]
[5, 986]
[6, 1002]
[7, 975]
tensor([[[  63],
         [ 425],
         [ 787],
         [ 674],
         [ 623],
         [ 987],
         [1003],
         [ 976]]])
None
0
[0, 408]
[1, 913]
[2, 937]
[3, 741]
[4, 448]
[5, 939]
[6, 570]
[7, 948]
tensor([[[409],
         [914],
         [938],
         [742],
         [449],
         [940],
         [571],
         [949]]])
None
0
[0, 62]
[1, 424]
[2, 786]
[3, 673]
[4, 622]
[5, 986]
[6, 1002]
[7, 975]
tensor([[[  63],
         [ 425],
         [ 787],
         [ 674],
         [ 623],
         [ 987],
         [1003],
         [ 976]]])
None
0
[0, 408]
[1, 913]
[2, 937]
[3, 741]
[4, 448]
[5, 939]
[6, 570]
[7, 948]
tensor([[[409],
         [914],
         [938],
         [742],
         [449],
         [940],
         [571],
         [949]]])
None
0
[0, 408]
[1, 913]
[2, 937]
[3, 741]
[4, 448]
[5, 939]
[6, 570]
[7, 948]
tensor([[[409],
         [914],
         [938],
         [742],
         [449],
         [940],
         [571],
         [949]]])
None
0
[0, 62]
[1, 424]
[2, 786]
[3, 673]
[4, 622]
[5, 986]
[6, 1002]
[7, 975]
tensor([[[  63],
         [ 425],
         [ 787],
         [ 674],
         [ 623],
         [ 987],
         [1003],
         [ 976]]])
None
0
[0, 62]
[1, 424]
[2, 786]
[3, 673]
[4, 622]
[5, 986]
[6, 1002]
[7, 975]
tensor([[[  63],
         [ 425],
         [ 787],
         [ 674],
         [ 623],
         [ 987],
         [1003],
         [ 976]]])
None
0
[0, 62]
[1, 424]
[2, 786]
[3, 673]
[4, 622]
[5, 986]
[6, 1002]
[7, 948]
tensor([[[  63],
         [ 425],
         [ 787],
         [ 674],
         [ 623],
         [ 987],
         [1003],
         [ 949]]])
None
0
[0, 62]
[1, 424]
[2, 786]
[3, 673]
[4, 622]
[5, 986]
[6, 1002]
[7, 948]
tensor([[[  63],
         [ 425],
         [ 787],
         [ 674],
         [ 623],
         [ 987],
         [1003],
         [ 949]]])
None
0
[0, 62]
[1, 424]
[2, 786]
[3, 673]
[4, 622]
[5, 986]
[6, 1002]
[7, 948]
tensor([[[  63],
         [ 425],
         [ 787],
         [ 674],
         [ 623],
         [ 987],
         [1003],
         [ 949]]])
None
0
[0, 62]
[1, 424]
[2, 786]
[3, 673]
[4, 622]
[5, 986]
[6, 570]
[7, 948]
tensor([[[ 63],
         [425],
         [787],
         [674],
         [623],
         [987],
         [571],
         [949]]])
None
0
[0, 62]
[1, 424]
[2, 786]
[3, 673]
[4, 622]
[5, 986]
[6, 570]
[7, 948]
tensor([[[ 63],
         [425],
         [787],
         [674],
         [623],
         [987],
         [571],
         [949]]])
None
0
[0, 62]
[1, 424]
[2, 786]
[3, 673]
[4, 622]
[5, 986]
[6, 570]
[7, 948]
tensor([[[ 63],
         [425],
         [787],
         [674],
         [623],
         [987],
         [571],
         [949]]])
None
0
[0, 62]
[1, 424]
[2, 786]
[3, 673]
[4, 622]
[5, 986]
[6, 570]
[7, 948]
tensor([[[ 63],
         [425],
         [787],
         [674],
         [623],
         [987],
         [571],
         [949]]])
None
0
[0, 62]
[1, 424]
[2, 786]
[3, 673]
[4, 622]
[5, 986]
[6, 570]
[7, 948]
tensor([[[ 63],
         [425],
         [787],
         [674],
         [623],
         [987],
         [571],
         [949]]])
None
0
[0, 62]
[1, 424]
[2, 786]
[3, 673]
[4, 622]
[5, 986]
[6, 570]
[7, 948]
tensor([[[ 63],
         [425],
         [787],
         [674],
         [623],
         [987],
         [571],
         [949]]])
None
0
[0, 62]
[1, 424]
[2, 786]
[3, 673]
[4, 622]
[5, 986]
[6, 570]
[7, 948]
tensor([[[ 63],
         [425],
         [787],
         [674],
         [623],
         [987],
         [571],
         [949]]])
None
0
[0, 62]
[1, 424]
[2, 786]
[3, 673]
[4, 622]
[5, 986]
[6, 570]
[7, 948]
tensor([[[ 63],
         [425],
         [787],
         [674],
         [623],
         [987],
         [571],
         [949]]])
None
0
[0, 62]
[1, 424]
[2, 786]
[3, 673]
[4, 622]
[5, 986]
[6, 570]
[7, 948]
tensor([[[ 63],
         [425],
         [787],
         [674],
         [623],
         [987],
         [571],
         [949]]])
None
0
[0, 62]
[1, 424]
[2, 786]
[3, 673]
[4, 622]
[5, 986]
[6, 570]
[7, 948]
tensor([[[ 63],
         [425],
         [787],
         [674],
         [623],
         [987],
         [571],
         [949]]])
None
0
[0, 62]
[1, 424]
[2, 786]
[3, 673]
[4, 622]
[5, 986]
[6, 570]
[7, 948]
tensor([[[ 63],
         [425],
         [787],
         [674],
         [623],
         [987],
         [571],
         [949]]])
None
0
[0, 62]
[1, 424]
[2, 786]
[3, 673]
[4, 622]
[5, 986]
[6, 570]
[7, 948]
tensor([[[ 63],
         [425],
         [787],
         [674],
         [623],
         [987],
         [571],
         [949]]])
None
0
[0, 62]
[1, 424]
[2, 786]
[3, 673]
[4, 622]
[5, 986]
[6, 570]
[7, 948]
tensor([[[ 63],
         [425],
         [787],
         [674],
         [623],
         [987],
         [571],
         [949]]])
None
0
[0, 62]
[1, 424]
[2, 786]
[3, 673]
[4, 622]
[5, 986]
[6, 570]
[7, 948]
tensor([[[ 63],
         [425],
         [787],
         [674],
         [623],
         [987],
         [571],
         [949]]])
None
0
[0, 62]
[1, 424]
[2, 786]
[3, 673]
[4, 622]
[5, 986]
[6, 570]
[7, 948]
tensor([[[ 63],
         [425],
         [787],
         [674],
         [623],
         [987],
         [571],
         [949]]])
None
0
[0, 62]
[1, 424]
[2, 786]
[3, 673]
[4, 622]
[5, 986]
[6, 570]
[7, 948]
tensor([[[ 63],
         [425],
         [787],
         [674],
         [623],
         [987],
         [571],
         [949]]])
None
0
[0, 62]
[1, 424]
[2, 786]
[3, 673]
[4, 622]
[5, 986]
[6, 570]
[7, 948]
tensor([[[ 63],
         [425],
         [787],
         [674],
         [623],
         [987],
         [571],
         [949]]])
None
0
[0, 62]
[1, 424]
[2, 786]
[3, 673]
[4, 622]
[5, 986]
[6, 570]
[7, 948]
tensor([[[ 63],
         [425],
         [787],
         [674],
         [623],
         [987],
         [571],
         [949]]])
None
0
[0, 62]
[1, 424]
[2, 786]
[3, 673]
[4, 622]
[5, 986]
[6, 570]
[7, 948]
tensor([[[ 63],
         [425],
         [787],
         [674],
         [623],
         [987],
         [571],
         [949]]])
None
0
[0, 62]
[1, 424]
[2, 786]
[3, 673]
[4, 622]
[5, 986]
[6, 570]
[7, 948]
tensor([[[ 63],
         [425],
         [787],
         [674],
         [623],
         [987],
         [571],
         [949]]])
None
0
[0, 62]
[1, 424]
[2, 786]
[3, 673]
[4, 622]
[5, 986]
[6, 570]
[7, 948]
tensor([[[ 63],
         [425],
         [787],
         [674],
         [623],
         [987],
         [571],
         [949]]])
None
0
[0, 62]
[1, 424]
[2, 786]
[3, 673]
[4, 622]
[5, 986]
[6, 570]
[7, 948]
tensor([[[ 63],
         [425],
         [787],
         [674],
         [623],
         [987],
         [571],
         [949]]])
None
0
[0, 62]
[1, 424]
[2, 786]
[3, 673]
[4, 622]
[5, 986]
[6, 570]
[7, 948]
tensor([[[ 63],
         [425],
         [787],
         [674],
         [623],
         [987],
         [571],
         [949]]])
None
0
[0, 62]
[1, 424]
[2, 786]
[3, 673]
[4, 622]
[5, 986]
[6, 570]
[7, 948]
tensor([[[ 63],
         [425],
         [787],
         [674],
         [623],
         [987],
         [571],
         [949]]])
None
0
[0, 62]
[1, 424]
[2, 786]
[3, 673]
[4, 622]
[5, 986]
[6, 570]
[7, 948]
tensor([[[ 63],
         [425],
         [787],
         [674],
         [623],
         [987],
         [571],
         [949]]])
None
0
[0, 62]
[1, 424]
[2, 786]
[3, 673]
[4, 622]
[5, 986]
[6, 570]
[7, 948]
tensor([[[ 63],
         [425],
         [787],
         [674],
         [623],
         [987],
         [571],
         [949]]])
None
0
[0, 62]
[1, 424]
[2, 786]
[3, 673]
[4, 622]
[5, 986]
[6, 570]
[7, 948]
tensor([[[ 63],
         [425],
         [787],
         [674],
         [623],
         [987],
         [571],
         [949]]])
None
0
[0, 62]
[1, 424]
[2, 36]
[3, 673]
[4, 622]
[5, 986]
[6, 1002]
[7, 975]
tensor([[[  63],
         [ 425],
         [  37],
         [ 674],
         [ 623],
         [ 987],
         [1003],
         [ 976]]])
None
0
[0, 62]
[1, 424]
[2, 36]
[3, 673]
[4, 622]
[5, 986]
[6, 1002]
[7, 975]
tensor([[[  63],
         [ 425],
         [  37],
         [ 674],
         [ 623],
         [ 987],
         [1003],
         [ 976]]])
None
0
[0, 62]
[1, 424]
[2, 786]
[3, 673]
[4, 622]
[5, 986]
[6, 570]
[7, 948]
tensor([[[ 63],
         [425],
         [787],
         [674],
         [623],
         [987],
         [571],
         [949]]])
None
0
[0, 62]
[1, 424]
[2, 786]
[3, 673]
[4, 622]
[5, 986]
[6, 570]
[7, 948]
tensor([[[ 63],
         [425],
         [787],
         [674],
         [623],
         [987],
         [571],
         [949]]])
None
0
[0, 62]
[1, 424]
[2, 786]
[3, 673]
[4, 622]
[5, 986]
[6, 570]
[7, 948]
tensor([[[ 63],
         [425],
         [787],
         [674],
         [623],
         [987],
         [571],
         [949]]])
None
0
[0, 62]
[1, 424]
[2, 786]
[3, 673]
[4, 622]
[5, 986]
[6, 570]
[7, 948]
tensor([[[ 63],
         [425],
         [787],
         [674],
         [623],
         [987],
         [571],
         [949]]])
None
0
[0, 62]
[1, 424]
[2, 36]
[3, 673]
[4, 622]
[5, 986]
[6, 1002]
[7, 975]
tensor([[[  63],
         [ 425],
         [  37],
         [ 674],
         [ 623],
         [ 987],
         [1003],
         [ 976]]])
None
0
[0, 62]
[1, 424]
[2, 36]
[3, 673]
[4, 622]
[5, 986]
[6, 1002]
[7, 975]
tensor([[[  63],
         [ 425],
         [  37],
         [ 674],
         [ 623],
         [ 987],
         [1003],
         [ 976]]])
None
0
[0, 62]
[1, 424]
[2, 36]
[3, 673]
[4, 622]
[5, 986]
[6, 1002]
[7, 975]
tensor([[[  63],
         [ 425],
         [  37],
         [ 674],
         [ 623],
         [ 987],
         [1003],
         [ 976]]])
None
0
[0, 62]
[1, 424]
[2, 36]
[3, 673]
[4, 622]
[5, 986]
[6, 1002]
[7, 975]
tensor([[[  63],
         [ 425],
         [  37],
         [ 674],
         [ 623],
         [ 987],
         [1003],
         [ 976]]])
None
0
[0, 62]
[1, 424]
[2, 36]
[3, 673]
[4, 622]
[5, 986]
[6, 1002]
[7, 975]
tensor([[[  63],
         [ 425],
         [  37],
         [ 674],
         [ 623],
         [ 987],
         [1003],
         [ 976]]])
None
0
[0, 62]
[1, 424]
[2, 36]
[3, 673]
[4, 622]
[5, 986]
[6, 1002]
[7, 975]
tensor([[[  63],
         [ 425],
         [  37],
         [ 674],
         [ 623],
         [ 987],
         [1003],
         [ 976]]])
None
0
[0, 62]
[1, 424]
[2, 36]
[3, 673]
[4, 622]
[5, 986]
[6, 1002]
[7, 975]
tensor([[[  63],
         [ 425],
         [  37],
         [ 674],
         [ 623],
         [ 987],
         [1003],
         [ 976]]])
None
0
[0, 62]
[1, 424]
[2, 36]
[3, 673]
[4, 622]
[5, 986]
[6, 1002]
[7, 975]
tensor([[[  63],
         [ 425],
         [  37],
         [ 674],
         [ 623],
         [ 987],
         [1003],
         [ 976]]])
None
0
[0, 62]
[1, 518]
[2, 786]
[3, 215]
[4, 448]
[5, 986]
[6, 1002]
[7, 975]
tensor([[[  63],
         [ 519],
         [ 787],
         [ 216],
         [ 449],
         [ 987],
         [1003],
         [ 976]]])
None
0
[0, 62]
[1, 518]
[2, 786]
[3, 215]
[4, 448]
[5, 986]
[6, 1002]
[7, 975]
tensor([[[  63],
         [ 519],
         [ 787],
         [ 216],
         [ 449],
         [ 987],
         [1003],
         [ 976]]])
None
0
[0, 62]
[1, 518]
[2, 786]
[3, 215]
[4, 448]
[5, 986]
[6, 1002]
[7, 975]
tensor([[[  63],
         [ 519],
         [ 787],
         [ 216],
         [ 449],
         [ 987],
         [1003],
         [ 976]]])
None
0
[0, 62]
[1, 424]
[2, 36]
[3, 673]
[4, 622]
[5, 986]
[6, 1002]
[7, 948]
tensor([[[  63],
         [ 425],
         [  37],
         [ 674],
         [ 623],
         [ 987],
         [1003],
         [ 949]]])
None
0
[0, 62]
[1, 424]
[2, 36]
[3, 673]
[4, 622]
[5, 986]
[6, 1002]
[7, 975]
tensor([[[  63],
         [ 425],
         [  37],
         [ 674],
         [ 623],
         [ 987],
         [1003],
         [ 976]]])
None
0
[0, 62]
[1, 424]
[2, 36]
[3, 673]
[4, 622]
[5, 986]
[6, 1002]
[7, 948]
tensor([[[  63],
         [ 425],
         [  37],
         [ 674],
         [ 623],
         [ 987],
         [1003],
         [ 949]]])
None
0
[0, 62]
[1, 518]
[2, 786]
[3, 215]
[4, 448]
[5, 986]
[6, 1002]
[7, 975]
tensor([[[  63],
         [ 519],
         [ 787],
         [ 216],
         [ 449],
         [ 987],
         [1003],
         [ 976]]])
None
0
[0, 62]
[1, 518]
[2, 786]
[3, 215]
[4, 448]
[5, 986]
[6, 1002]
[7, 975]
tensor([[[  63],
         [ 519],
         [ 787],
         [ 216],
         [ 449],
         [ 987],
         [1003],
         [ 976]]])
None
0
[0, 62]
[1, 518]
[2, 786]
[3, 215]
[4, 448]
[5, 986]
[6, 1002]
[7, 975]
tensor([[[  63],
         [ 519],
         [ 787],
         [ 216],
         [ 449],
         [ 987],
         [1003],
         [ 976]]])
None
0
[0, 62]
[1, 518]
[2, 786]
[3, 215]
[4, 448]
[5, 986]
[6, 1002]
[7, 975]
tensor([[[  63],
         [ 519],
         [ 787],
         [ 216],
         [ 449],
         [ 987],
         [1003],
         [ 976]]])
None
0
[0, 62]
[1, 518]
[2, 786]
[3, 215]
[4, 448]
[5, 986]
[6, 1002]
[7, 975]
tensor([[[  63],
         [ 519],
         [ 787],
         [ 216],
         [ 449],
         [ 987],
         [1003],
         [ 976]]])
None
0
[0, 62]
[1, 518]
[2, 786]
[3, 215]
[4, 448]
[5, 986]
[6, 1002]
[7, 975]
tensor([[[  63],
         [ 519],
         [ 787],
         [ 216],
         [ 449],
         [ 987],
         [1003],
         [ 976]]])
None
0
[0, 62]
[1, 518]
[2, 786]
[3, 215]
[4, 448]
[5, 986]
[6, 1002]
[7, 975]
tensor([[[  63],
         [ 519],
         [ 787],
         [ 216],
         [ 449],
         [ 987],
         [1003],
         [ 976]]])
None
0
[0, 62]
[1, 518]
[2, 786]
[3, 215]
[4, 448]
[5, 986]
[6, 1002]
[7, 975]
tensor([[[  63],
         [ 519],
         [ 787],
         [ 216],
         [ 449],
         [ 987],
         [1003],
         [ 976]]])
None
0
[0, 62]
[1, 518]
[2, 786]
[3, 215]
[4, 448]
[5, 986]
[6, 1002]
[7, 975]
tensor([[[  63],
         [ 519],
         [ 787],
         [ 216],
         [ 449],
         [ 987],
         [1003],
         [ 976]]])
None
0
[0, 62]
[1, 518]
[2, 786]
[3, 215]
[4, 448]
[5, 986]
[6, 1002]
[7, 975]
tensor([[[  63],
         [ 519],
         [ 787],
         [ 216],
         [ 449],
         [ 987],
         [1003],
         [ 976]]])
None
0
[0, 62]
[1, 518]
[2, 786]
[3, 215]
[4, 448]
[5, 986]
[6, 1002]
[7, 975]
tensor([[[  63],
         [ 519],
         [ 787],
         [ 216],
         [ 449],
         [ 987],
         [1003],
         [ 976]]])
None
0
[0, 62]
[1, 518]
[2, 786]
[3, 215]
[4, 448]
[5, 986]
[6, 1002]
[7, 975]
